-2.376 1.712
0.053 1.223
-5.936 2.297
-9.809 0.190
-5.095 0.830
-2.762 2.121
4.868 -0.972
-3.765 -1.068
12.287 -1.415
-4.146 -0.153
3.329 -1.364
-0.057 1.523
-4.209 0.633
-2.743 -0.367
-0.195 0.010
7.690 0.721
1.448 1.813
7.482 -0.602
-2.788 -1.597
-3.144 -0.999
-3.953 0.801
-4.595 -1.380
5.663 -1.119
-10.775 0.631
-2.278 0.355
-0.096 0.509
5.728 -0.152
-1.995 -0.348
-3.505 -0.693
3.656 1.542
1.540 0.408
3.096 -0.348
-6.211 0.017
-3.024 0.092
4.372 -1.748
-3.031 0.121
-3.675 3.221
-3.518 0.893
-7.782 -0.722
7.014 -0.550
-6.956 -0.984
9.552 -0.048
8.263 -1.012
-0.787 -0.126
6.931 0.312
-6.227 1.353
-1.961 0.803
14.761 -0.300
-0.708 0.260
-8.741 -0.716
-1.010 -0.890
-7.376 -0.380
5.191 0.735
2.830 0.585
-4.366 -0.304
9.450 1.634
2.197 0.099
-7.710 1.146
-0.684 -0.555
-5.689 0.152
-11.531 -0.172
10.041 0.450
-0.989 0.463
-11.128 0.687
10.285 0.918
1.729 -0.156
15.158 -0.012
-6.800 -0.819
1.894 -0.808
-0.936 0.759
-7.527 0.784
8.030 -0.151
-4.668 0.356
2.085 1.016
-1.102 0.418
-8.989 -0.326
-3.902 0.610
-5.209 0.674
5.785 -0.364
2.983 0.457
4.909 0.044
-3.770 -0.728
8.236 -0.791
4.167 -1.247
1.477 0.682
-1.692 -0.587
4.217 1.043
-1.926 -1.316
-4.888 1.078
6.331 0.285
-5.142 -0.678
7.861 -2.104
3.007 -0.213
3.682 0.978
5.107 -0.413
1.651 0.672
-6.235 -0.551
-6.089 -0.838
-3.725 -2.681
-1.682 -0.114
4.189 0.259
-4.951 -1.294
4.680 -0.367
-2.335 0.900
-0.047 -0.959
6.300 -0.404
-3.878 0.462
3.117 -0.727
0.174 1.942
-1.108 -0.614
-4.044 -0.422
-10.566 1.109
8.803 0.714
0.240 0.700
1.721 0.694
5.291 0.904
-3.180 -0.029
2.366 -1.111
5.482 1.583
-4.455 1.011
-3.741 0.032
1.102 -1.334
-5.561 -0.387
4.883 -0.560
-7.377 -0.962
-1.790 -0.831
-6.232 1.033
-3.232 -0.451
-4.632 0.357
-1.390 0.819
1.538 0.061
8.302 1.038
-6.572 -0.296
-6.097 1.225
-0.152 -0.394
12.358 -1.582
-2.625 0.266
5.461 0.145
0.399 0.444
8.440 0.049
5.472 0.123
-1.108 0.254
-5.547 0.023
3.096 -0.342
-1.190 0.240
0.806 0.431
3.306 -1.484
3.245 -1.070
-3.991 1.893
1.300 0.834
3.687 -0.076
11.655 0.860
5.406 -0.149
-4.721 1.446
-3.496 -1.201
9.430 -1.191
4.319 -1.165
-12.801 -0.088
-4.406 -0.785
6.016 -0.526
6.254 0.498
-2.985 -0.150
1.169 -0.800
-5.229 0.378
-0.889 0.719
1.777 0.629
-4.125 0.761
-3.934 -0.364
0.642 0.016
0.334 0.197
0.270 0.799
4.486 -1.852
11.998 1.336
-3.511 0.745
-5.288 0.750
-3.740 -0.850
-12.283 -0.869
2.774 1.254
6.344 -0.089
6.261 -0.172
-6.512 -0.224
-6.076 0.431
-11.500 0.234
2.528 1.222
11.682 0.161
1.102 0.988
8.166 0.530
-1.622 -1.408
-7.688 -0.031
0.326 0.884
9.223 0.832
-7.489 0.996
-3.557 0.186
-4.479 -0.587
-8.563 1.310
0.487 -0.226
4.507 1.127
1.304 0.307
-2.063 1.163
3.111 -0.180
-5.844 -0.314
15.862 0.125
10.104 -0.381
-5.588 -0.128
3.494 0.467
-2.305 -0.959
-2.408 1.455
10.406 -1.610
-1.001 0.169
11.478 0.295
-4.818 0.708
-12.511 -1.766
16.431 0.240
6.790 -1.223
-3.264 -1.617
1.818 0.141
-6.254 0.266
8.977 -0.637
-5.726 0.146
8.696 0.523
-10.073 -0.928
-0.760 0.291
9.782 2.005
3.958 -0.589
-2.090 -2.662
2.228 -1.322
1.516 1.042
2.268 -0.475
1.305 0.587
-11.855 0.535
12.078 0.867
1.590 0.617
-8.915 0.403
-3.240 0.598
3.897 0.675
1.358 -0.739
1.628 -0.282
1.729 -0.670
2.744 -1.716
-1.373 -0.044
-3.556 -0.724
3.763 0.551
2.963 -0.773
-0.982 -0.977
1.881 0.311
-11.931 0.376
6.649 0.560
6.018 -0.781
7.386 0.356
-7.002 -0.630
-1.352 -1.093
0.286 -1.611
-5.544 1.221
-2.814 -1.156
10.961 1.444
4.483 0.986
11.303 -0.763
4.247 0.820
-4.775 -0.786
-2.812 -0.999
2.041 -0.345
5.874 -0.186
1.596 -0.046
-2.143 -1.594
-5.559 1.139
5.816 2.393
-5.391 0.596
0.216 -0.002
0.067 -0.111
-17.273 -0.515
-4.262 0.157
-9.309 -0.428
6.024 0.851
-3.200 0.900
-2.295 0.970
1.068 -0.006
-3.504 -0.510
1.424 -0.393
4.280 0.069
-5.338 -3.127
-3.457 0.484
-15.340 -1.799
-0.430 -1.059
-1.932 -0.291
3.597 0.234
6.575 0.393
2.742 -0.817
0.753 0.966
-7.498 -0.788
-0.586 -1.209
-4.727 -1.051
-2.847 -1.201
4.441 -0.805
-0.013 1.532
6.006 -0.398
1.253 1.199
-5.335 -0.619
0.655 -0.511
-8.132 -1.032
0.952 0.237
-0.046 -6.056
-0.448 -0.021
-0.865 -14.709
-0.357 -9.116
0.144 0.647
0.702 2.297
1.309 -4.820
0.654 0.133
-1.839 2.458
0.852 -2.376
0.464 0.031
-0.313 -3.694
0.654 -2.765
0.229 3.685
-0.671 0.679
-0.486 6.849
0.208 1.224
1.893 -3.938
-0.249 4.370
0.026 5.976
2.200 13.540
-0.136 -9.543
0.708 -0.485
1.860 6.577
-0.446 -1.841
-0.266 -6.997
0.074 12.321
-0.338 3.778
-0.698 -8.744
0.398 -3.556
0.787 -2.930
-0.065 6.714
0.935 -7.896
-1.729 -6.419
-0.430 0.104
-0.974 -6.029
-0.173 3.723
-0.816 5.941
1.209 -0.304
1.519 -5.500
-1.303 12.670
-1.250 10.187
0.882 -6.536
0.157 -2.315
-0.276 -3.159
-1.180 -6.693
0.442 6.582
-0.209 -0.005
2.388 10.189
1.315 -2.352
0.304 -8.022
-0.260 -6.908
-0.770 -4.932
-0.932 -1.902
1.122 5.823
-0.264 -15.187
-0.689 -1.833
-0.728 -7.180
-0.197 0.500
0.728 -9.478
0.424 -8.168
0.696 1.233
-0.936 -9.705
1.019 6.681
-1.170 -2.876
0.069 2.950
-0.985 -8.083
0.740 7.117
1.250 -7.085
-0.007 -5.001
-2.045 4.879
1.011 -7.497
-0.253 12.883
-0.796 5.630
0.771 3.216
1.168 8.318
0.161 -4.458
0.608 -9.088
-2.532 -3.724
-0.296 8.581
-1.764 4.165
-1.152 -2.394
0.815 3.844
-0.636 -12.174
0.447 -8.363
2.538 -2.123
-0.012 11.779
1.011 -6.491
-1.698 0.792
0.867 5.211
0.240 -3.382
0.324 -3.316
-1.198 -3.665
-0.973 6.589
1.159 -7.478
-0.619 3.902
-0.302 2.876
-0.781 0.900
-2.552 1.135
-0.606 16.362
0.488 -1.961
0.792 3.188
1.975 -0.261
1.292 -3.002
-0.263 0.233
0.347 -5.315
0.801 -2.274
1.900 3.487
-0.992 6.024
0.805 -6.576
0.661 9.373
2.023 -3.063
-0.007 6.664
-0.679 -0.672
-1.822 -3.634
-0.035 -21.098
-0.717 2.306
0.944 -1.301
0.269 -3.399
0.974 -0.830
1.604 8.242
0.099 0.788
0.473 3.495
0.080 -2.254
-1.031 2.701
-1.806 -2.522
0.397 -4.400
-0.546 -3.982
-0.793 -10.547
-0.937 1.084
-0.053 -7.464
0.499 -5.823
-0.288 -9.767
0.294 -3.236
1.108 2.904
-1.366 7.706
0.735 4.237
-0.094 -0.883
-1.058 -8.800
-0.225 -6.789
-1.191 -3.678
-0.280 8.235
0.126 -2.831
-1.521 -2.861
-0.242 -8.792
-0.942 1.544
1.096 -4.847
0.523 -5.422
1.773 -2.183
0.696 5.333
-1.940 -1.043
-0.617 -10.382
-0.483 -0.911
-0.172 -1.830
-0.156 -1.767
1.617 -3.633
0.448 -0.764
-0.500 -4.518
-0.114 -4.166
-0.951 9.713
0.080 0.629
-0.125 -2.268
-0.102 -2.410
0.435 12.499
1.720 2.371
0.275 -5.020
-0.670 -10.097
-1.597 8.161
1.655 -0.147
0.564 6.471
1.396 -8.453
-0.144 0.651
-0.346 4.196
0.711 1.288
0.293 4.402
0.258 -1.460
-1.864 -3.414
-1.228 -4.519
0.478 -4.189
-0.421 1.267
0.261 -8.947
-1.390 6.061
-0.866 7.400
0.622 -3.150
-1.059 5.078
1.209 -7.646
0.000 8.176
-0.370 2.545
-0.398 -3.244
1.260 -10.801
-0.038 -6.676
2.634 -5.744
-0.075 1.311
0.885 -8.187
-0.561 -6.978
-1.188 1.882
0.273 7.234
-0.705 5.086
-0.633 3.158
-0.552 14.499
0.365 0.377
-0.315 -2.113
1.770 3.877
-0.393 6.357
-1.234 -9.075
0.792 -0.264
-0.081 1.892
0.364 -1.020
-0.838 -8.681
-0.044 1.095
-0.537 9.892
-0.491 -7.155
0.024 -0.312
-0.293 -8.101
0.851 -6.991
-0.713 3.820
-0.094 -7.248
-0.291 3.544
0.710 -9.032
0.468 -5.263
-0.232 -6.245
-1.328 9.369
-0.063 -6.339
-0.310 0.510
-0.307 0.617
-0.009 -4.332
1.430 -1.430
-0.481 4.939
0.231 8.646
2.283 -7.413
1.338 6.118
0.348 1.946
2.240 0.238
-0.966 -1.769
-0.088 5.203
0.914 -5.302
-0.942 11.160
1.464 -3.112
0.626 -2.223
2.775 9.202
-0.292 2.100
1.028 -2.335
0.859 9.061
2.240 6.433
0.374 -0.239
1.340 -2.524
-0.235 -9.669
1.111 -10.079
0.034 1.690
0.449 -4.809
-0.432 -6.487
0.291 0.894
0.565 2.843
-1.102 1.864
-0.837 6.765
0.350 6.142
0.572 1.215
-1.587 -2.371
-0.438 3.435
-0.389 -6.991
-1.802 2.395
-0.492 3.696
-0.194 -6.018
0.859 -0.479
0.414 1.592
0.908 -9.709
-2.022 -2.201
0.030 8.172
-0.944 7.694
-1.187 -5.781
1.683 3.354
0.668 -5.152
-2.149 16.192
-1.776 -1.198
-1.763 -1.065
-1.098 3.887
-0.680 0.298
-0.984 -3.318
-0.186 -16.582
1.228 -2.006
-1.554 4.186
-0.764 -0.814
1.740 8.006
-0.865 -1.946
0.959 -1.422
-0.823 -4.022
-1.071 7.021
-0.406 -0.596
-1.615 -0.363
-2.857 -4.020
-1.737 7.337
-0.627 -7.732
1.397 6.983
0.063 -5.281
0.461 7.896
0.043 -7.770
-1.208 -2.814
-0.565 1.388
-0.699 1.673
-0.146 -6.516
