4.633 80.000 1
4.800 82.000 1
4.517 80.000 1
4.667 78.000 1
3.600 83.000 1
4.033 82.000 1
4.700 88.000 1
5.033 77.000 1
4.000 85.000 1
4.150 88.000 1
4.183 86.000 1
4.633 81.000 1
5.067 76.000 1
4.283 77.000 1
4.467 77.000 1
4.583 77.000 1
4.417 90.000 1
4.200 78.000 1
3.750 75.000 1
4.800 76.000 1
4.533 73.000 1
4.767 78.000 1
4.433 78.000 1
4.700 83.000 1
4.000 78.000 1
4.600 85.000 1
4.083 84.000 1
3.600 85.000 1
4.117 81.000 1
3.500 87.000 1
4.933 88.000 1
4.900 82.000 1
4.100 70.000 1
4.617 93.000 1
4.783 90.000 1
3.333 74.000 1
4.250 83.000 1
4.500 73.000 1
4.750 75.000 1
4.383 82.000 1
3.600 79.000 1
4.650 90.000 1
4.350 82.000 1
4.333 81.000 1
4.733 75.000 1
4.400 92.000 1
4.467 74.000 1
4.800 75.000 1
4.833 80.000 1
3.950 79.000 1
4.500 73.000 1
3.067 69.000 1
4.567 77.000 1
3.767 81.000 1
4.033 80.000 1
4.533 82.000 1
4.450 90.000 1
4.600 88.000 1
4.150 75.000 1
4.067 73.000 1
4.167 83.000 1
4.716 90.000 1
4.150 76.000 1
4.600 78.000 1
4.000 70.000 1
3.833 78.000 1
3.917 84.000 1
4.100 84.000 1
4.167 81.000 1
4.850 86.000 1
4.567 84.000 1
3.717 71.000 1
4.417 79.000 1
4.450 83.000 1
4.233 81.000 1
4.583 76.000 1
4.933 86.000 1
3.966 77.000 1
4.667 84.000 1
4.350 85.000 1
4.150 86.000 1
4.133 91.000 1
4.283 79.000 1
4.233 76.000 1
4.567 78.000 1
3.917 70.000 1
4.333 76.000 1
4.067 69.000 1
4.583 85.000 1
4.083 70.000 1
4.050 81.000 1
4.350 80.000 1
3.950 76.000 1
4.367 88.000 1
4.133 75.000 1
4.300 73.000 1
4.500 83.000 1
4.800 81.000 1
4.333 90.000 1
4.167 78.000 1
4.417 87.000 1
4.500 81.000 1
3.600 83.000 1
4.083 76.000 1
4.367 82.000 1
4.700 73.000 1
5.000 88.000 1
3.767 83.000 1
4.250 77.000 1
4.250 83.000 1
3.850 84.000 1
4.800 84.000 1
4.817 78.000 1
3.733 79.000 1
4.450 83.000 1
3.450 78.000 1
4.833 80.000 1
3.567 73.000 1
4.250 79.000 1
3.683 81.000 1
4.500 79.000 1
4.800 94.000 1
4.500 83.000 1
4.083 93.000 1
3.567 71.000 1
4.300 72.000 1
3.967 89.000 1
4.483 75.000 1
3.833 74.000 1
4.883 83.000 1
4.533 84.000 1
3.850 78.000 1
4.000 77.000 1
4.817 77.000 1
4.333 82.000 1
4.600 81.000 1
4.583 77.000 1
4.633 82.000 1
4.500 84.000 1
4.317 81.000 1
4.700 84.000 1
4.333 89.000 1
3.317 83.000 1
5.100 96.000 1
3.833 75.000 1
4.533 85.000 1
4.933 86.000 1
4.366 77.000 1
3.883 76.000 1
4.700 78.000 1
4.900 89.000 1
4.417 83.000 1
4.433 79.000 1
4.533 74.000 1
4.350 74.000 1
4.700 80.000 1
4.267 78.000 1
2.383 71.000 1
4.117 79.000 1
3.833 82.000 1
4.000 86.000 1
4.000 71.000 1
4.167 74.000 1
4.500 82.000 1
4.233 81.000 1
3.817 80.000 1
4.367 77.000 1
4.267 82.000 1
4.550 79.000 1
4.083 78.000 1
3.917 71.000 1
2.900 63.000 2
1.750 54.000 2
1.800 54.000 2
2.083 57.000 2
2.083 57.000 2
1.967 56.000 2
1.917 45.000 2
1.983 59.000 2
2.000 56.000 2
1.883 58.000 2
1.833 57.000 2
3.833 64.000 2
2.150 46.000 2
2.883 55.000 2
1.783 46.000 2
1.750 58.000 2
2.200 60.000 2
1.883 54.000 2
2.483 62.000 2
1.700 59.000 2
1.883 55.000 2
2.250 51.000 2
1.833 59.000 2
2.017 60.000 2
1.967 55.000 2
1.983 43.000 2
3.333 68.000 2
2.333 64.000 2
2.200 45.000 2
2.000 55.000 2
1.867 51.000 2
2.000 59.000 2
1.800 53.000 2
1.750 47.000 2
3.367 66.000 2
1.833 54.000 2
1.867 50.000 2
1.867 53.000 2
2.033 53.000 2
1.967 56.000 2
1.867 48.000 2
1.867 50.000 2
2.000 58.000 2
2.100 60.000 2
2.200 54.000 2
2.800 56.000 2
1.750 48.000 2
2.067 65.000 2
1.983 62.000 2
1.817 59.000 2
2.400 53.000 2
1.833 54.000 2
3.417 64.000 2
2.617 53.000 2
2.133 67.000 2
1.867 47.000 2
2.417 54.000 2
1.867 45.000 2
1.600 52.000 2
2.350 47.000 2
2.033 51.000 2
2.417 50.000 2
2.017 49.000 2
2.300 59.000 2
1.850 58.000 2
3.500 66.000 2
1.750 47.000 2
1.733 54.000 2
2.283 62.000 2
1.817 46.000 2
1.817 60.000 2
2.250 60.000 2
1.833 63.000 2
2.017 52.000 2
1.800 51.000 2
1.917 49.000 2
2.100 53.000 2
1.667 64.000 2
2.367 63.000 2
2.633 65.000 2
2.100 49.000 2
1.850 54.000 2
1.750 62.000 2
2.317 50.000 2
2.267 55.000 2
2.233 60.000 2
1.883 51.000 2
1.833 46.000 2
2.167 48.000 2
1.933 52.000 2
1.950 51.000 2
1.783 52.000 2
1.833 46.000 2
2.400 65.000 2
2.183 55.000 2
2.233 59.000 2
1.933 49.000 2
1.867 49.000 2
2.217 50.000 2
2.167 52.000 2
1.800 53.000 2
