-4.888 -1.837 1
-1.008 -2.723 1
1.597 -3.350 1
0.271 -2.934 1
2.800 -3.590 1
1.077 -3.632 1
-0.345 -1.376 1
0.299 1.696 1
-0.617 0.693 1
-6.555 -4.517 1
0.694 -11.902 1
-2.790 0.203 1
-0.044 -2.564 1
-2.495 -2.715 1
4.180 -3.488 1
-0.142 1.688 1
1.794 -12.291 1
1.540 -1.552 1
-0.118 -0.280 1
-9.745 -7.146 1
-2.731 -1.003 1
-0.330 -6.739 1
-1.829 -4.193 1
-2.355 -3.754 1
0.306 -0.543 1
4.986 -3.766 1
1.440 -2.456 1
-2.452 -2.925 1
-4.145 -5.680 1
-4.500 -5.898 1
-2.349 -1.505 1
-0.747 -4.698 1
-0.230 -1.158 1
-8.760 -3.844 1
-2.482 -1.514 1
0.330 -4.561 1
1.781 -6.235 1
-5.349 -1.633 1
2.860 -6.001 1
-6.845 -3.487 1
3.551 -4.225 1
-4.675 -1.139 1
2.501 -1.418 1
-1.431 5.156 2
-4.633 7.998 2
-5.876 5.535 2
-2.523 5.004 2
-7.022 8.482 2
-6.562 4.684 2
-4.229 2.209 2
-4.698 2.700 2
-6.345 5.125 2
-4.035 3.999 2
-5.425 2.573 2
-8.374 1.265 2
-6.911 -0.137 2
-4.214 2.044 2
-4.104 4.605 2
-3.157 2.908 2
-4.381 2.035 2
-4.837 2.219 2
-4.620 4.677 2
-6.689 4.798 2
-3.111 1.146 2
-0.229 9.552 2
0.088 3.687 2
-2.590 3.972 2
-4.683 6.336 2
-4.473 2.569 2
-0.949 5.145 2
-4.048 2.603 2
-5.742 3.506 2
-4.086 3.905 2
-0.812 4.948 2
-1.082 5.366 2
-1.009 1.296 2
-4.603 4.967 2
-5.936 2.683 2
-3.812 1.046 2
-3.767 6.128 2
-1.373 5.560 2
-4.133 4.669 2
-3.272 2.095 2
-2.820 3.252 2
-8.143 -1.403 2
-7.397 4.057 2
-6.508 2.979 2
-7.025 3.863 2
-9.266 5.187 2
-3.265 4.069 2
-4.748 5.274 2
-5.500 8.085 2
-2.455 1.430 2
-3.752 4.570 2
-1.008 5.815 2
-3.883 2.790 2
-1.403 3.590 2
-0.802 4.909 2
-0.033 7.249 2
-2.973 6.234 2
-7.427 3.121 2
-0.899 4.638 2
-0.310 5.561 2
0.143 4.793 2
-3.257 0.545 2
-6.208 6.571 2
-4.290 4.805 2
-3.823 3.495 2
-3.825 1.363 2
-6.907 7.100 2
-2.089 2.580 2
-0.808 4.438 2
-3.868 4.894 2
-3.546 3.634 2
-5.916 3.561 2
-4.044 3.726 2
-5.762 10.094 2
-3.832 3.604 2
-4.338 2.203 2
-6.500 1.249 2
-2.340 4.826 2
-3.657 2.906 2
4.021 9.102 3
1.897 2.954 3
4.608 2.816 3
2.815 0.763 3
8.626 -0.991 3
7.495 1.170 3
5.420 -2.331 3
4.435 4.751 3
6.908 -1.045 3
4.234 2.628 3
1.279 1.715 3
2.117 2.564 3
7.635 0.292 3
5.023 3.576 3
2.301 7.573 3
4.775 2.010 3
5.905 3.924 3
1.276 1.180 3
1.381 6.159 3
1.400 4.884 3
6.620 2.416 3
6.927 3.489 3
2.910 3.475 3
4.135 3.090 3
0.928 6.985 3
7.398 -0.404 3
5.879 0.343 3
1.996 0.508 3
1.954 3.765 3
3.376 3.690 3
8.191 0.029 3
3.012 2.961 3
5.053 1.612 3
5.740 4.952 3
3.755 3.167 3
4.044 4.121 3
5.505 3.996 3
3.244 4.369 3
3.715 4.725 3
5.230 6.502 3
1.561 0.720 3
2.898 4.623 3
3.636 3.184 3
4.050 0.982 3
1.898 4.452 3
1.546 4.602 3
3.853 3.899 3
3.460 4.465 3
2.104 3.566 3
3.739 5.782 3
2.666 3.481 3
5.778 5.939 3
5.005 0.343 3
1.878 1.571 3
2.616 3.831 3
3.772 0.622 3
5.527 4.439 3
3.779 4.817 3
2.267 3.694 3
3.199 7.089 3
1.844 5.398 3
3.315 3.304 3
6.051 3.657 3
1.360 2.185 3
4.003 4.991 3
2.240 6.746 3
1.023 6.015 3
2.178 4.756 3
1.678 2.077 3
2.454 1.552 3
2.524 2.941 3
6.420 0.140 3
2.246 4.030 3
2.549 1.528 3
6.852 3.846 3
3.486 6.517 3
5.110 1.152 3
0.060 1.547 3
