4.909 0.044 1
0.711 1.288 1
-1.839 2.458 1
2.240 6.433 1
8.030 -0.151 1
-0.421 1.267 1
-0.144 0.651 1
0.944 -1.301 1
3.682 0.978 1
-0.266 -6.997 1
-0.936 -9.705 1
-1.191 -3.678 1
-7.002 -0.630 1
-0.102 -2.410 1
-1.729 -6.419 1
-5.209 0.674 1
1.309 -4.820 1
-0.293 -8.101 1
-0.406 -0.596 1
-0.296 8.581 1
0.464 0.031 1
1.770 3.877 1
-0.486 6.849 1
-0.680 0.298 1
6.254 0.498 1
1.228 -2.006 1
-1.373 -0.044 1
-3.264 -1.617 1
0.231 8.646 1
2.283 -7.413 1
0.642 0.016 1
-8.989 -0.326 1
0.080 0.629 1
-4.632 0.357 1
-4.209 0.633 1
1.540 0.408 1
-2.762 2.121 1
-0.565 1.388 1
-3.902 0.610 1
6.575 0.393 1
-2.335 0.900 1
-11.500 0.234 1
0.069 2.950 1
5.472 0.123 1
9.430 -1.191 1
0.448 -0.764 1
-4.262 0.157 1
0.270 0.799 1
-2.985 -0.150 1
0.914 -5.302 1
-0.013 1.532 1
-3.878 0.462 1
-0.866 7.400 1
-0.770 -4.932 1
-0.053 -7.464 1
1.881 0.311 1
-0.302 2.876 1
-0.537 9.892 1
2.775 9.202 1
-1.352 -1.093 1
6.024 0.851 1
8.803 0.714 1
-1.864 -3.414 1
-1.303 12.670 1
-1.822 -3.634 1
-4.406 -0.785 1
4.680 -0.367 1
0.024 -0.312 1
0.034 1.690 1
0.740 7.117 1
0.488 -1.961 1
-6.076 0.431 1
-1.187 -5.781 1
-0.075 1.311 1
-3.511 0.745 1
2.041 -0.345 1
-12.511 -1.766 1
-0.796 5.630 1
-7.377 -0.962 1
0.326 0.884 1
1.617 -3.633 1
1.397 6.983 1
-0.057 1.523 1
-1.328 9.369 1
0.478 -4.189 1
-4.775 -0.786 1
0.074 12.321 1
1.096 -4.847 1
-0.633 3.158 1
1.028 -2.335 1
1.108 2.904 1
-0.787 -0.126 1
4.483 0.986 1
0.702 2.297 1
2.538 -2.123 1
0.487 -0.226 1
-4.668 0.356 1
-1.961 0.803 1
2.085 1.016 1
2.023 -3.063 1
0.473 3.495 1
-8.132 -1.032 1
3.958 -0.589 1
-0.448 -0.021 1
-0.292 2.100 1
7.861 -2.104 1
1.358 -0.739 1
-1.102 0.418 1
-1.208 -2.814 1
-3.770 -0.728 1
6.931 0.312 1
-1.926 -1.316 1
-15.340 -1.799 1
0.294 -3.236 1
1.292 -3.002 1
-0.689 -1.833 1
5.461 0.145 1
0.293 4.402 1
0.258 -1.460 1
-1.521 -2.861 1
2.774 1.254 1
7.690 0.721 1
-3.991 1.893 1
-10.073 -0.928 1
1.604 8.242 1
-0.172 -1.830 1
-5.095 0.830 1
-0.152 -0.394 1
1.900 3.487 1
15.158 -0.012 1
0.792 3.188 1
3.111 -0.180 1
0.229 3.685 1
-7.782 -0.722 1
8.263 -1.012 1
-2.149 16.192 1
-0.088 5.203 1
-1.102 1.864 1
0.144 0.647 1
10.285 0.918 1
2.200 13.540 1
2.197 0.099 1
-3.504 -0.510 1
3.763 0.551 1
-1.597 8.161 1
-0.837 6.765 1
3.096 -0.348 1
0.461 7.896 1
6.261 -0.172 1
6.649 0.560 1
11.655 0.860 1
1.209 -0.304 1
8.440 0.049 1
-0.313 -3.694 1
2.963 -0.773 1
-1.198 -3.665 1
0.952 0.237 1
-6.089 -0.838 1
-5.844 -0.314 1
0.099 0.788 1
-4.727 -1.051 1
-0.865 -1.946 1
-3.180 -0.029 1
-2.552 1.135 1
-0.125 -2.268 1
-0.346 4.196 1
-0.500 -4.518 1
0.859 9.061 1
-6.211 0.017 1
16.431 0.240 1
0.801 -2.274 1
-5.338 -3.127 1
4.868 -0.972 1
-6.512 -0.224 1
4.486 -1.852 1
7.014 -0.550 1
1.773 -2.183 1
1.729 -0.670 1
0.654 -2.765 1
-0.781 0.900 1
0.348 1.946 1
-1.587 -2.371 1
-2.022 -2.201 1
-6.254 0.266 1
2.830 0.585 1
-5.391 0.596 1
-0.989 0.463 1
-1.190 0.240 1
0.080 -2.254 1
5.816 2.393 1
-5.335 -0.619 1
0.655 -0.511 1
15.862 0.125 1
-0.307 0.617 1
4.217 1.043 1
-6.800 -0.819 1
-11.531 -0.172 1
-1.390 0.819 1
-3.518 0.893 1
0.286 -1.611 1
-6.232 1.033 1
-4.125 0.761 1
0.208 1.224 1
-2.788 -1.597 1
1.655 -0.147 1
0.852 -2.376 1
-0.552 14.499 1
-1.098 3.887 1
-3.557 0.186 1
-7.688 -0.031 1
3.007 -0.213 1
1.516 1.042 1
10.104 -0.381 1
-2.295 0.970 1
-1.764 4.165 1
3.687 -0.076 1
0.654 0.133 1
6.331 0.285 1
-1.932 -0.291 1
-0.984 -3.318 1
1.729 -0.156 1
1.721 0.694 1
10.961 1.444 1
1.102 0.988 1
-5.726 0.146 1
-2.532 -3.724 1
0.859 -0.479 1
-4.366 -0.304 1
-8.915 0.403 1
6.006 -0.398 1
-0.937 1.084 1
0.696 5.333 1
-3.505 -0.693 1
-3.765 -1.068 1
0.414 1.592 1
-0.065 6.714 1
1.777 0.629 1
-3.496 -1.201 1
0.374 -0.239 1
12.358 -1.582 1
5.663 -1.119 1
-0.430 -1.059 1
1.894 -0.808 1
-0.173 3.723 1
0.365 0.377 1
4.189 0.259 1
0.815 3.844 1
-0.764 -0.814 1
1.740 8.006 1
1.651 0.672 1
0.364 -1.020 1
1.464 -3.112 1
0.696 1.233 1
7.482 -0.602 1
1.975 -0.261 1
-0.012 11.779 1
6.790 -1.223 1
-5.142 -0.678 1
-1.031 2.701 1
-0.393 6.357 1
3.096 -0.342 1
0.291 0.894 1
1.430 -1.430 1
0.269 -3.399 1
-2.847 -1.201 1
-10.775 0.631 1
-0.044 1.095 1
4.372 -1.748 1
-3.725 -2.681 1
-0.606 16.362 1
-3.457 0.484 1
9.552 -0.048 1
0.622 -3.150 1
1.019 6.681 1
-1.071 7.021 1
-9.309 -0.428 1
-0.705 5.086 1
9.782 2.005 1
-1.682 -0.114 1
0.435 12.499 1
3.306 -1.484 1
2.366 -1.111 1
-0.263 0.233 1
6.018 -0.781 1
-3.024 0.092 1
0.126 -2.831 1
11.998 1.336 1
-17.273 -0.515 1
-0.699 1.673 1
4.507 1.127 1
-2.812 -0.999 1
-1.790 -0.831 1
-0.816 5.941 1
-1.059 5.078 1
4.883 -0.560 1
12.078 0.867 1
-0.338 3.778 1
0.240 -3.382 1
0.787 -2.930 1
-1.763 -1.065 1
8.302 1.038 1
-4.479 -0.587 1
-1.188 1.882 1
5.191 0.735 1
-6.227 1.353 1
-1.995 -0.348 1
1.122 5.823 1
-1.737 7.337 1
0.959 -1.422 1
-0.197 0.500 1
3.656 1.542 1
-0.249 4.370 1
4.280 0.069 1
6.300 -0.404 1
0.000 8.176 1
-2.143 -1.594 1
3.329 -1.364 1
0.273 7.234 1
5.482 1.583 1
-7.489 0.996 1
9.450 1.634 1
12.287 -1.415 1
-0.942 1.544 1
-1.940 -1.043 1
0.174 1.942 1
1.102 -1.334 1
7.386 0.356 1
-7.376 -0.380 1
0.030 8.172 1
-0.280 8.235 1
-0.760 0.291 1
-8.563 1.310 1
0.867 5.211 1
-0.253 12.883 1
11.303 -0.763 1
-1.615 -0.363 1
0.334 0.197 1
-1.152 -2.394 1
-0.481 4.939 1
5.728 -0.152 1
-1.776 -1.198 1
-3.740 -0.850 1
0.974 -0.830 1
-5.689 0.152 1
3.494 0.467 1
0.564 6.471 1
3.897 0.675 1
-0.708 0.260 1
-1.806 -2.522 1
-5.229 0.378 1
-1.170 -2.876 1
-2.045 4.879 1
-5.288 0.750 1
-0.438 3.435 1
3.597 0.234 1
1.315 -2.352 1
-6.235 -0.551 1
-0.398 -3.244 1
11.682 0.161 1
-0.483 -0.911 1
1.720 2.371 1
-0.951 9.713 1
-0.944 7.694 1
1.169 -0.800 1
-0.096 0.509 1
-3.556 -0.724 1
2.268 -0.475 1
10.041 0.450 1
-11.128 0.687 1
-6.956 -0.984 1
8.236 -0.791 1
-0.992 6.024 1
0.399 0.444 1
-1.622 -1.408 1
-12.801 -0.088 1
6.344 -0.089 1
0.806 0.431 1
0.067 -0.111 1
-4.146 -0.153 1
4.247 0.820 1
1.300 0.834 1
-4.044 -0.422 1
3.245 -1.070 1
-3.031 0.121 1
1.305 0.587 1
5.874 -0.186 1
5.291 0.904 1
5.785 -0.364 1
-1.390 6.061 1
0.157 -2.315 1
0.735 4.237 1
2.744 -1.716 1
0.442 6.582 1
-12.283 -0.869 1
11.478 0.295 1
2.742 -0.817 1
-1.108 -0.614 1
-1.366 7.706 1
1.304 0.307 1
-7.498 -0.788 1
-0.684 -0.555 1
-1.010 -0.890 1
-5.936 2.297 1
8.977 -0.637 1
-2.063 1.163 1
0.350 6.142 1
-0.094 -0.883 1
-2.743 -0.367 1
0.626 -2.223 1
-0.586 -1.209 1
-2.305 -0.959 1
2.228 -1.322 1
1.628 -0.282 1
1.448 1.813 1
1.818 0.141 1
-0.156 -1.767 1
-0.492 3.696 1
-0.430 0.104 1
0.792 -0.264 1
1.590 0.617 1
-2.090 -2.662 1
-7.527 0.784 1
1.253 1.199 1
0.661 9.373 1
10.406 -1.610 1
-3.232 -0.451 1
0.771 3.216 1
0.572 1.215 1
1.338 6.118 1
1.538 0.061 1
-3.953 0.801 1
4.319 -1.165 1
-3.741 0.032 1
-4.721 1.446 1
4.441 -0.805 1
5.107 -0.413 1
14.761 -0.300 1
0.708 -0.485 1
-4.595 -1.380 1
-0.081 1.892 1
1.860 6.577 1
-0.936 0.759 1
2.388 10.189 1
-1.001 0.169 1
-7.710 1.146 1
-2.278 0.355 1
-0.973 6.589 1
-0.942 11.160 1
-6.097 1.225 1
-0.713 3.820 1
-0.370 2.545 1
1.683 3.354 1
2.983 0.457 1
8.166 0.530 1
-0.209 -0.005 1
-3.144 -0.999 1
0.324 -3.316 1
1.068 -0.006 1
-1.692 -0.587 1
-5.547 0.023 1
-0.932 -1.902 1
0.240 0.700 1
3.117 -0.727 1
-1.554 4.186 1
-2.408 1.455 1
4.167 -1.247 1
1.424 -0.393 1
1.596 -0.046 1
5.406 -0.149 1
1.340 -2.524 1
-3.200 0.900 1
-0.310 0.510 1
0.565 2.843 1
0.216 -0.002 1
-3.240 0.598 1
-4.951 -1.294 1
-2.625 0.266 1
-0.315 -2.113 1
1.168 8.318 1
-4.455 1.011 1
-1.698 0.792 1
8.696 0.523 1
0.026 5.976 1
-4.888 1.078 1
0.753 0.966 1
1.477 0.682 1
-1.108 0.254 1
9.223 0.832 1
-0.671 0.679 1
-1.250 10.187 1
-0.007 6.664 1
-2.376 1.712 1
-0.195 0.010 1
-5.561 -0.387 1
2.240 0.238 1
-0.889 0.719 1
-1.802 2.395 1
-11.855 0.535 1
-0.966 -1.769 1
-3.675 3.221 1
0.053 1.223 1
-0.291 3.544 1
-4.818 0.708 1
-5.544 1.221 1
-0.446 -1.841 1
-9.809 0.190 1
-0.619 3.902 1
-8.741 -0.716 1
-6.572 -0.296 1
-0.047 -0.959 1
-2.814 -1.156 1
-11.931 0.376 1
-5.559 1.139 1
-3.934 -0.364 1
-0.717 2.306 1
-10.566 1.109 1
-0.982 -0.977 1
-5.588 -0.128 1
2.528 1.222 1
-0.276 -3.159 1
-0.679 -0.672 1
6.016 -0.526 1
-0.035 -21.098 2
0.908 -9.709 2
-0.235 -9.669 2
-0.038 -6.676 2
-1.234 -9.075 2
-1.058 -8.800 2
2.634 -5.744 2
0.447 -8.363 2
-0.357 -9.116 2
-0.793 -10.547 2
-0.636 -12.174 2
0.608 -9.088 2
0.885 -8.187 2
0.304 -8.022 2
1.159 -7.478 2
0.882 -6.536 2
-0.046 -6.056 2
0.043 -7.770 2
-0.389 -6.991 2
-0.194 -6.018 2
-0.009 -4.332 2
0.275 -5.020 2
-0.007 -5.001 2
0.161 -4.458 2
-0.114 -4.166 2
0.397 -4.400 2
-0.094 -7.248 2
-0.260 -6.908 2
-0.974 -6.029 2
-0.698 -8.744 2
0.523 -5.422 2
-0.728 -7.180 2
-0.546 -3.982 2
-0.617 -10.382 2
0.851 -6.991 2
0.728 -9.478 2
0.063 -5.281 2
1.250 -7.085 2
1.396 -8.453 2
-0.146 -6.516 2
-0.242 -8.792 2
-0.491 -7.155 2
-0.985 -8.083 2
0.261 -8.947 2
-0.225 -6.789 2
-0.838 -8.681 2
1.011 -7.497 2
-0.670 -10.097 2
1.893 -3.938 2
-0.264 -15.187 2
0.398 -3.556 2
-0.865 -14.709 2
-2.857 -4.020 2
1.260 -10.801 2
0.805 -6.576 2
-0.823 -4.022 2
1.111 -10.079 2
-0.136 -9.543 2
-0.561 -6.978 2
0.449 -4.809 2
1.519 -5.500 2
0.668 -5.152 2
1.011 -6.491 2
-0.627 -7.732 2
-1.228 -4.519 2
0.347 -5.315 2
-0.063 -6.339 2
-0.432 -6.487 2
0.468 -5.263 2
-1.180 -6.693 2
1.209 -7.646 2
-0.232 -6.245 2
0.935 -7.896 2
-0.288 -9.767 2
0.710 -9.032 2
-0.186 -16.582 2
0.499 -5.823 2
0.424 -8.168 2
