-0.154 -3.231
-2.997 -1.222
2.248 -1.084
0.545 0.434
1.591 3.573
-1.601 3.148
3.642 0.865
0.651 1.920
3.309 2.222
-3.586 -1.563
2.661 0.959
1.729 0.465
-1.675 0.002
3.658 -0.835
-3.650 0.884
-0.268 0.423
3.114 1.102
-3.194 -0.249
-0.369 -3.001
3.410 -0.808
-1.306 3.151
1.349 -2.528
-2.743 -1.720
1.249 -0.028
1.716 -3.223
-3.380 -1.379
2.783 2.066
-1.974 -3.219
-3.695 0.778
-0.944 -2.427
-0.229 -0.780
0.489 -1.880
-2.091 1.189
-1.995 0.756
2.159 2.307
0.488 -2.716
-0.557 -0.440
-3.041 -1.135
-1.371 -0.469
1.241 -1.147
-3.717 1.324
1.727 2.715
-3.186 1.070
1.980 -3.127
-1.284 2.316
1.088 0.726
3.453 1.595
-1.297 -1.388
-3.129 0.489
1.635 1.014
1.744 -3.269
0.938 -3.003
-0.107 -0.685
-0.721 -1.685
1.927 2.962
2.004 -2.401
1.784 1.958
1.282 -3.103
3.871 -0.526
0.849 0.463
3.360 -0.930
3.804 0.281
0.198 3.122
1.653 1.639
-2.440 -0.543
0.908 -2.313
-0.632 -0.276
-3.828 -0.381
-0.853 -2.831
-1.066 -3.344
-0.587 1.386
2.964 1.432
1.563 2.427
3.689 -0.001
0.631 0.514
1.790 2.675
3.762 0.052
-0.319 -1.207
1.711 -1.550
-3.489 1.139
1.729 0.105
3.155 1.943
-1.977 1.078
-2.288 -1.291
-3.101 2.205
1.140 2.329
-1.753 -0.139
-0.601 -0.867
-3.569 0.765
0.595 1.212
-0.453 -2.787
-2.996 -1.782
2.591 0.760
-3.094 0.508
1.517 1.377
1.065 -3.060
0.945 3.048
3.169 1.791
1.683 -0.655
0.229 1.677
-1.658 2.690
-1.315 1.154
-1.814 1.032
0.701 0.414
-0.724 2.357
2.934 0.478
-0.910 2.801
-2.902 -1.354
1.114 3.255
3.470 -1.729
0.166 -0.001
2.490 0.487
2.868 -1.176
0.464 -1.269
1.436 -3.652
1.701 0.741
0.106 -0.398
-2.601 1.936
0.038 -1.087
2.977 -2.299
1.507 -0.786
-2.929 0.667
1.764 -0.706
-2.059 0.169
-1.952 3.298
1.982 0.421
2.502 2.511
2.413 0.667
-0.098 -0.752
-2.121 2.100
1.969 3.093
0.982 -3.564
-2.272 -1.727
-2.143 -1.052
-0.210 2.805
-3.119 -1.657
1.710 -1.611
0.046 3.003
2.794 -0.708
-0.916 0.918
-2.556 2.632
-0.159 -1.967
-0.521 -1.486
0.614 -1.126
1.487 0.895
2.929 0.711
2.581 2.039
-0.915 0.654
-0.722 -2.675
0.447 2.794
-0.209 2.216
-1.017 2.549
1.069 1.999
2.235 -2.397
3.705 1.103
-3.025 -1.682
-0.765 3.230
-2.817 1.625
-2.915 -1.990
-2.799 -2.287
-1.878 -1.571
2.717 -0.720
0.870 -1.749
1.186 -1.929
-0.924 3.584
2.825 -1.789
-0.851 -1.296
1.357 0.851
-3.678 -0.126
-2.021 -0.102
0.632 -3.305
-1.346 1.803
0.027 -2.109
1.012 1.638
-1.526 -1.550
2.284 -0.699
1.810 0.455
0.917 -1.658
1.059 -2.922
1.621 -2.273
-1.669 -3.219
0.439 -1.103
-1.632 -3.003
-1.205 2.320
-1.358 -2.660
1.617 1.457
-2.602 1.011
-0.144 -1.230
-2.264 1.757
-0.184 3.046
0.128 0.761
-3.658 0.345
-1.070 2.855
-0.254 2.983
-2.468 2.653
-0.636 -1.348
3.213 0.519
-2.740 0.552
1.848 -2.275
-0.889 -0.588
-2.722 1.204
2.409 -0.030
1.437 -2.615
-0.444 0.806
0.203 3.724
-3.035 1.305
-2.413 1.038
1.039 -2.838
0.708 3.346
-0.365 -2.099
-1.004 1.911
-1.752 -1.352
-0.523 -0.589
0.639 -0.060
1.274 -2.839
-3.288 -0.357
1.752 0.887
2.711 0.103
3.145 0.817
-2.080 -2.400
-2.847 1.976
3.054 2.260
-1.400 2.107
1.685 0.017
0.259 -3.689
-2.394 -2.163
0.116 -0.005
-0.989 3.778
1.501 -1.903
-0.243 2.102
2.138 1.491
-2.473 -1.662
1.982 1.560
-1.418 -1.065
-0.390 1.637
3.005 1.135
-1.131 1.485
-2.744 -1.126
2.521 -0.757
-1.147 -2.389
-0.615 -2.901
-1.223 2.387
2.918 2.337
0.675 -2.526
0.726 1.770
-3.082 2.237
-1.073 3.806
0.720 2.173
-2.921 -1.217
-3.760 0.688
-0.587 -1.354
0.805 -0.335
-3.285 1.599
-3.002 -0.318
-3.560 -1.723
-0.168 -2.357
-3.953 -0.488
-3.201 2.222
1.122 -3.386
0.445 0.349
2.219 -0.220
-2.571 1.109
2.759 0.946
2.299 -1.378
2.213 1.429
1.468 -0.153
2.766 -1.641
-1.622 -1.407
-1.588 3.190
1.145 3.122
-1.342 3.246
-1.114 -3.157
1.658 0.301
-3.842 -0.867
0.372 -0.185
-3.238 1.172
2.063 1.453
-2.858 0.231
-3.281 -2.260
-1.250 1.916
0.210 1.320
-0.069 -2.389
1.108 -1.165
2.078 1.336
-2.640 -2.257
-2.301 1.910
-0.011 -0.188
-1.123 -2.369
0.474 -2.831
0.696 1.253
-1.466 -3.590
1.578 0.760
-0.246 3.879
2.569 0.327
1.164 -0.398
-0.430 1.568
1.796 2.479
-2.467 -1.961
-0.769 3.017
2.007 -1.521
-4.119 3.567
-4.512 4.352
-2.836 5.516
-3.465 5.111
-4.555 3.727
-5.514 3.493
-2.340 4.464
-3.319 5.248
-5.411 4.251
-5.040 4.636
-5.040 3.426
-3.984 2.323
-2.830 3.727
-5.312 5.012
-3.667 2.649
-4.571 2.570
-3.090 3.266
-3.916 3.341
-2.117 4.279
-4.691 2.872
-2.154 4.312
-3.982 2.607
-5.390 3.114
-4.325 5.057
-2.649 5.125
-3.437 5.428
-3.773 5.057
-4.054 4.795
-5.279 4.639
-4.137 2.583
-4.040 2.428
-3.180 3.670
-2.275 4.598
-4.240 5.704
-3.510 5.915
-3.874 4.591
-3.562 2.263
-3.100 3.532
-4.987 2.286
-4.236 2.661
-2.136 4.516
-3.522 2.697
-4.597 4.224
-2.744 5.184
-4.808 3.102
-5.896 4.258
-4.526 2.753
-5.515 3.008
-3.904 5.569
-2.868 2.528
-4.307 3.053
-2.819 2.604
-3.357 2.926
-4.722 5.644
-4.272 3.333
-3.264 2.257
-4.020 5.270
-4.020 4.689
-3.895 3.023
-3.099 5.201
-5.464 2.778
-4.785 2.214
-3.026 4.419
-2.503 4.649
-3.382 2.610
-4.740 4.541
-4.515 2.214
-3.603 2.744
-4.538 4.974
-3.647 4.198
-3.301 2.250
-3.452 3.004
-4.521 5.708
-3.013 2.327
-5.491 2.993
-3.751 2.712
-4.192 5.209
-4.712 4.730
-5.643 3.112
-5.493 3.190
-4.322 2.974
-3.369 5.221
-2.449 4.225
-4.952 4.251
-4.481 4.753
-2.463 3.389
-4.329 5.149
-2.988 4.575
-2.985 2.754
-3.523 2.818
-5.518 5.086
-5.259 2.731
-4.111 5.490
-3.814 4.572
-3.038 4.550
-3.052 3.296
-2.351 4.509
-5.582 4.132
-4.502 5.609
-4.587 4.894
2.976 4.599
4.026 3.068
2.716 4.279
5.613 3.547
2.642 4.237
4.616 5.237
4.314 3.346
5.604 4.734
2.454 3.159
2.262 4.205
4.195 4.848
2.987 2.669
3.927 3.545
5.383 4.971
5.666 3.928
4.607 4.879
3.282 4.011
4.133 5.924
3.381 3.228
2.900 4.076
5.471 3.763
5.119 4.046
4.910 2.278
4.004 5.095
3.537 3.047
3.235 5.338
5.279 3.456
4.728 2.810
3.894 4.066
3.855 2.853
4.384 5.341
3.411 4.283
5.380 4.962
4.125 5.544
5.111 4.898
3.506 2.262
2.466 3.383
5.020 3.873
4.624 2.828
5.675 3.257
3.271 3.027
3.991 5.938
4.586 2.381
3.460 4.814
5.814 4.622
3.437 3.273
2.506 3.716
2.066 4.116
2.916 3.316
5.320 5.125
2.579 3.045
4.026 3.292
3.530 2.352
3.000 3.964
5.884 4.201
4.458 5.374
3.572 3.394
3.937 3.101
5.483 4.296
3.520 3.086
3.961 5.031
4.659 2.385
3.147 5.065
4.990 3.318
5.804 3.627
3.276 3.370
2.490 3.198
4.310 4.130
5.315 5.341
3.449 4.837
5.638 4.391
5.165 4.831
5.892 4.555
5.262 4.340
4.464 5.122
5.408 4.840
3.498 2.316
5.176 4.901
3.850 5.957
5.213 3.346
4.418 5.934
4.159 5.840
5.575 4.496
4.632 3.463
4.903 4.014
4.279 3.638
3.784 4.505
2.760 4.766
4.314 4.634
4.857 4.057
5.514 3.568
5.459 4.278
4.383 5.427
2.373 4.379
4.710 4.413
2.933 5.275
4.867 4.219
4.810 4.792
5.676 3.466
2.192 3.309
