1.507 -0.786 1
1.617 1.457 1
-1.147 -2.389 1
0.805 -0.335 1
1.784 1.958 1
0.632 -3.305 1
1.241 -1.147 1
0.166 -0.001 1
1.752 0.887 1
-1.418 -1.065 1
1.683 -0.655 1
-2.288 -1.291 1
-1.315 1.154 1
0.489 -1.880 1
1.711 -1.550 1
0.849 0.463 1
0.027 -2.109 1
2.569 0.327 1
-1.753 -0.139 1
2.964 1.432 1
-1.814 1.032 1
1.274 -2.839 1
-2.640 -2.257 1
2.219 -0.220 1
-0.254 2.983 1
1.517 1.377 1
1.796 2.479 1
-0.587 1.386 1
1.436 -3.652 1
2.078 1.336 1
3.762 0.052 1
2.063 1.453 1
-3.041 -1.135 1
-1.878 -1.571 1
-0.853 -2.831 1
2.934 0.478 1
-1.632 -3.003 1
-3.002 -0.318 1
0.210 1.320 1
2.213 1.429 1
0.726 1.770 1
-3.119 -1.657 1
-0.453 -2.787 1
0.614 -1.126 1
1.249 -0.028 1
-0.523 -0.589 1
0.198 3.122 1
3.804 0.281 1
0.870 -1.749 1
-0.390 1.637 1
1.012 1.638 1
-1.358 -2.660 1
3.689 -0.001 1
1.069 1.999 1
-3.025 -1.682 1
0.229 1.677 1
2.661 0.959 1
2.299 -1.378 1
3.871 -0.526 1
-1.114 -3.157 1
-2.394 -2.163 1
-2.799 -2.287 1
1.578 0.760 1
-1.066 -3.344 1
1.065 -3.060 1
-2.997 -1.222 1
1.764 -0.706 1
0.259 -3.689 1
0.982 -3.564 1
-0.851 -1.296 1
-0.369 -3.001 1
-3.380 -1.379 1
2.711 0.103 1
2.794 -0.708 1
-2.272 -1.727 1
1.282 -3.103 1
1.982 0.421 1
1.039 -2.838 1
0.651 1.920 1
2.766 -1.641 1
-1.669 -3.219 1
-2.143 -1.052 1
0.474 -2.831 1
0.372 -0.185 1
-0.209 2.216 1
-0.365 -2.099 1
2.007 -1.521 1
0.445 0.349 1
-0.636 -1.348 1
-0.632 -0.276 1
1.164 -0.398 1
-0.268 0.423 1
3.658 -0.835 1
-2.902 -1.354 1
-0.916 0.918 1
-0.889 -0.588 1
-3.281 -2.260 1
1.437 -2.615 1
0.696 1.253 1
-2.080 -2.400 1
-3.586 -1.563 1
1.982 1.560 1
2.413 0.667 1
-0.069 -2.389 1
2.490 0.487 1
2.825 -1.789 1
0.631 0.514 1
1.685 0.017 1
-2.473 -1.662 1
-1.526 -1.550 1
1.729 0.105 1
-1.752 -1.352 1
-1.466 -3.590 1
1.108 -1.165 1
1.487 0.895 1
1.716 -3.223 1
2.759 0.946 1
2.717 -0.720 1
-1.371 -0.469 1
2.409 -0.030 1
-0.107 -0.685 1
2.248 -1.084 1
1.621 -2.273 1
-2.440 -0.543 1
1.848 -2.275 1
-0.944 -2.427 1
3.470 -1.729 1
1.701 0.741 1
-0.229 -0.780 1
0.720 2.173 1
0.917 -1.658 1
2.868 -1.176 1
0.639 -0.060 1
-2.921 -1.217 1
-0.721 -1.685 1
1.357 0.851 1
1.349 -2.528 1
1.122 -3.386 1
1.729 0.465 1
0.675 -2.526 1
1.810 0.455 1
-0.587 -1.354 1
1.635 1.014 1
2.977 -2.299 1
-1.675 0.002 1
2.521 -0.757 1
0.908 -2.313 1
-1.123 -2.369 1
2.138 1.491 1
0.439 -1.103 1
2.284 -0.699 1
0.595 1.212 1
0.038 -1.087 1
2.235 -2.397 1
-3.560 -1.723 1
0.116 -0.005 1
-2.915 -1.990 1
-0.521 -1.486 1
-0.011 -0.188 1
-2.743 -1.720 1
0.128 0.761 1
-0.098 -0.752 1
1.501 -1.903 1
-0.430 1.568 1
-1.297 -1.388 1
0.545 0.434 1
1.186 -1.929 1
1.710 -1.611 1
-0.168 -2.357 1
-2.059 0.169 1
-0.722 -2.675 1
-0.444 0.806 1
1.980 -3.127 1
1.468 -0.153 1
-0.144 -1.230 1
-1.974 -3.219 1
-0.557 -0.440 1
2.004 -2.401 1
1.088 0.726 1
-2.021 -0.102 1
-2.744 -1.126 1
-0.915 0.654 1
-2.467 -1.961 1
3.213 0.519 1
1.658 0.301 1
-0.159 -1.967 1
-0.601 -0.867 1
-0.615 -2.901 1
1.059 -2.922 1
2.591 0.760 1
-0.243 2.102 1
-0.319 -1.207 1
3.360 -0.930 1
0.701 0.414 1
1.744 -3.269 1
0.464 -1.269 1
-0.154 -3.231 1
0.488 -2.716 1
0.938 -3.003 1
2.929 0.711 1
-1.622 -1.407 1
-2.996 -1.782 1
1.653 1.639 1
3.410 -0.808 1
0.106 -0.398 1
-5.312 5.012 2
-4.987 2.286 2
-4.020 5.270 2
-2.649 5.125 2
-4.325 5.057 2
-3.101 2.205 2
-3.650 0.884 2
-3.452 3.004 2
-5.259 2.731 2
-4.712 4.730 2
-3.760 0.688 2
-2.301 1.910 2
-3.842 -0.867 2
-3.038 4.550 2
-1.588 3.190 2
-3.603 2.744 2
-1.073 3.806 2
-2.449 4.225 2
-0.924 3.584 2
-5.040 3.426 2
-3.319 5.248 2
-2.136 4.516 2
-4.722 5.644 2
-4.587 4.894 2
-3.828 -0.381 2
-3.288 -0.357 2
-4.137 2.583 2
-1.070 2.855 2
-0.724 2.357 2
-4.481 4.753 2
-2.413 1.038 2
-4.240 5.704 2
0.203 3.724 2
-1.658 2.690 2
-4.952 4.251 2
-4.192 5.209 2
-3.569 0.765 2
-0.989 3.778 2
-2.985 2.754 2
-3.562 2.263 2
-4.040 2.428 2
-0.769 3.017 2
-1.400 2.107 2
-4.322 2.974 2
-3.678 -0.126 2
-1.346 1.803 2
-4.307 3.053 2
-2.847 1.976 2
-2.275 4.598 2
-3.647 4.198 2
-4.329 5.149 2
-3.667 2.649 2
-2.503 4.649 2
-3.264 2.257 2
-4.272 3.333 2
-0.184 3.046 2
-5.896 4.258 2
-2.602 1.011 2
-2.817 1.625 2
-2.929 0.667 2
-3.658 0.345 2
-4.785 2.214 2
-5.518 5.086 2
-2.264 1.757 2
-3.094 0.508 2
-3.523 2.818 2
-4.236 2.661 2
-3.874 4.591 2
-3.982 2.607 2
-3.522 2.697 2
-0.910 2.801 2
-1.004 1.911 2
-2.722 1.204 2
-4.111 5.490 2
-3.369 5.221 2
-5.390 3.114 2
-3.301 2.250 2
-1.205 2.320 2
-2.830 3.727 2
-3.437 5.428 2
-5.643 3.112 2
-3.026 4.419 2
-2.091 1.189 2
-4.521 5.708 2
-4.119 3.567 2
-2.468 2.653 2
-2.836 5.516 2
-1.284 2.316 2
-4.740 4.541 2
-2.463 3.389 2
-4.020 4.689 2
-3.099 5.201 2
-2.744 5.184 2
-3.814 4.572 2
-3.489 1.139 2
-3.751 2.712 2
-1.995 0.756 2
-3.285 1.599 2
-1.131 1.485 2
-2.571 1.109 2
-3.916 3.341 2
-3.695 0.778 2
-3.090 3.266 2
-4.571 2.570 2
-4.555 3.727 2
-1.223 2.387 2
-3.194 -0.249 2
-4.526 2.753 2
-1.342 3.246 2
-3.238 1.172 2
-2.351 4.509 2
-4.538 4.974 2
-3.953 -0.488 2
-3.052 3.296 2
-2.988 4.575 2
-5.493 3.190 2
-1.601 3.148 2
-2.858 0.231 2
-3.186 1.070 2
-4.808 3.102 2
-2.868 2.528 2
-3.357 2.926 2
-1.306 3.151 2
-3.717 1.324 2
-2.154 4.312 2
-3.180 3.670 2
-2.556 2.632 2
-2.117 4.279 2
-3.100 3.532 2
-4.515 2.214 2
0.046 3.003 2
-3.382 2.610 2
-2.819 2.604 2
-3.904 5.569 2
-5.514 3.493 2
-3.013 2.327 2
-4.512 4.352 2
-3.201 2.222 2
-1.017 2.549 2
-2.121 2.100 2
-3.773 5.057 2
-5.411 4.251 2
-2.340 4.464 2
-3.895 3.023 2
-2.601 1.936 2
-3.035 1.305 2
-5.582 4.132 2
-5.279 4.639 2
-4.054 4.795 2
-4.691 2.872 2
-1.977 1.078 2
-3.510 5.915 2
-2.740 0.552 2
-3.129 0.489 2
-3.984 2.323 2
-1.952 3.298 2
-3.082 2.237 2
-5.515 3.008 2
-5.040 4.636 2
-0.765 3.230 2
-5.491 2.993 2
-4.597 4.224 2
-0.246 3.879 2
-1.250 1.916 2
-0.210 2.805 2
-4.502 5.609 2
-3.465 5.111 2
-5.464 2.778 2
5.176 4.901 3
5.459 4.278 3
4.728 2.810 3
5.892 4.555 3
3.850 5.957 3
4.383 5.427 3
3.991 5.938 3
3.460 4.814 3
4.616 5.237 3
3.271 3.027 3
3.537 3.047 3
3.784 4.505 3
3.855 2.853 3
2.466 3.383 3
3.530 2.352 3
2.502 2.511 3
4.279 3.638 3
2.066 4.116 3
3.000 3.964 3
5.638 4.391 3
4.903 4.014 3
5.408 4.840 3
2.262 4.205 3
3.642 0.865 3
2.716 4.279 3
3.449 4.837 3
1.727 2.715 3
5.676 3.466 3
4.195 4.848 3
2.642 4.237 3
5.675 3.257 3
5.471 3.763 3
2.933 5.275 3
2.987 2.669 3
4.867 4.219 3
3.894 4.066 3
2.916 3.316 3
5.119 4.046 3
5.383 4.971 3
2.159 2.307 3
3.155 1.943 3
5.279 3.456 3
2.506 3.716 3
4.586 2.381 3
2.760 4.766 3
5.575 4.496 3
3.005 1.135 3
3.147 5.065 3
3.145 0.817 3
5.514 3.568 3
2.454 3.159 3
5.380 4.962 3
4.384 5.341 3
2.490 3.198 3
3.520 3.086 3
5.814 4.622 3
4.159 5.840 3
1.114 3.255 3
3.572 3.394 3
1.563 2.427 3
4.026 3.068 3
5.804 3.627 3
0.945 3.048 3
1.145 3.122 3
2.918 2.337 3
0.447 2.794 3
3.453 1.595 3
5.666 3.928 3
2.373 4.379 3
5.165 4.831 3
4.458 5.374 3
3.276 3.370 3
4.990 3.318 3
3.937 3.101 3
3.411 4.283 3
1.927 2.962 3
4.464 5.122 3
4.810 4.792 3
1.140 2.329 3
4.910 2.278 3
4.310 4.130 3
5.604 4.734 3
4.125 5.544 3
4.026 3.292 3
3.235 5.338 3
4.710 4.413 3
4.133 5.924 3
3.054 2.260 3
1.969 3.093 3
4.314 4.634 3
2.579 3.045 3
4.607 4.879 3
5.315 5.341 3
4.314 3.346 3
3.282 4.011 3
4.418 5.934 3
5.320 5.125 3
1.591 3.573 3
5.884 4.201 3
5.483 4.296 3
3.927 3.545 3
3.309 2.222 3
4.624 2.828 3
5.613 3.547 3
2.900 4.076 3
3.381 3.228 3
3.498 2.316 3
5.262 4.340 3
2.976 4.599 3
4.857 4.057 3
3.114 1.102 3
0.708 3.346 3
2.581 2.039 3
3.169 1.791 3
5.020 3.873 3
4.632 3.463 3
3.705 1.103 3
2.783 2.066 3
4.659 2.385 3
3.437 3.273 3
2.192 3.309 3
5.111 4.898 3
3.506 2.262 3
3.961 5.031 3
5.213 3.346 3
4.004 5.095 3
1.790 2.675 3
